1.250000000000000000e-01
3.750000000000000000e-01
6.250000000000000000e-01
8.750000000000000000e-01
1.125000000000000000e+00
1.375000000000000000e+00
1.625000000000000000e+00
1.875000000000000000e+00
2.125000000000000000e+00
2.375000000000000000e+00
2.625000000000000000e+00
2.875000000000000000e+00
3.125000000000000000e+00
3.375000000000000000e+00
3.625000000000000000e+00
3.875000000000000000e+00
4.125000000000000000e+00
4.375000000000000000e+00
4.625000000000000000e+00
4.875000000000000000e+00
5.125000000000000000e+00
5.375000000000000000e+00
5.625000000000000000e+00
5.875000000000000000e+00
6.125000000000000000e+00
6.375000000000000000e+00
6.625000000000000000e+00
6.875000000000000000e+00
7.125000000000000000e+00
7.375000000000000000e+00
7.625000000000000000e+00
7.875000000000000000e+00
8.125000000000000000e+00
8.375000000000000000e+00
8.625000000000000000e+00
8.875000000000000000e+00
9.125000000000000000e+00
9.375000000000000000e+00
9.625000000000000000e+00
9.875000000000000000e+00
1.012500000000000000e+01
1.037500000000000000e+01
1.062500000000000000e+01
1.087500000000000000e+01
1.112500000000000000e+01
1.137500000000000000e+01
1.162500000000000000e+01
1.187500000000000000e+01
1.212500000000000000e+01
1.237500000000000000e+01
1.262500000000000000e+01
1.287500000000000000e+01
1.312500000000000000e+01
1.337500000000000000e+01
1.362500000000000000e+01
1.387500000000000000e+01
1.412500000000000000e+01
1.437500000000000000e+01
1.462500000000000000e+01
1.487500000000000000e+01
1.512500000000000000e+01
1.537500000000000000e+01
1.562500000000000000e+01
1.587500000000000000e+01
1.612500000000000000e+01
1.637500000000000000e+01
1.662500000000000000e+01
1.687500000000000000e+01
1.712500000000000000e+01
1.737500000000000000e+01
1.762500000000000000e+01
1.787500000000000000e+01
1.812500000000000000e+01
1.837500000000000000e+01
1.862500000000000000e+01
1.887500000000000000e+01
1.912500000000000000e+01
1.937500000000000000e+01
1.962500000000000000e+01
1.987500000000000000e+01
2.012500000000000000e+01
2.037500000000000000e+01
2.062500000000000000e+01
2.087500000000000000e+01
2.112500000000000000e+01
2.137500000000000000e+01
2.162500000000000000e+01
2.187500000000000000e+01
2.212500000000000000e+01
2.237500000000000000e+01
2.262500000000000000e+01
2.287500000000000000e+01
2.312500000000000000e+01
2.337500000000000000e+01
2.362500000000000000e+01
2.387500000000000000e+01
2.412500000000000000e+01
2.437500000000000000e+01
2.462500000000000000e+01
2.487500000000000000e+01
2.512500000000000000e+01
2.537500000000000000e+01
2.562500000000000000e+01
2.587500000000000000e+01
2.612500000000000000e+01
2.637500000000000000e+01
2.662500000000000000e+01
2.687500000000000000e+01
2.712500000000000000e+01
2.737500000000000000e+01
2.762500000000000000e+01
2.787500000000000000e+01
2.812500000000000000e+01
2.837500000000000000e+01
2.862500000000000000e+01
2.887500000000000000e+01
2.912500000000000000e+01
2.937500000000000000e+01
2.962500000000000000e+01
2.987500000000000000e+01
3.012500000000000000e+01
3.037500000000000000e+01
3.062500000000000000e+01
3.087500000000000000e+01
3.112500000000000000e+01
3.137500000000000000e+01
3.162500000000000000e+01
3.187500000000000000e+01
3.212500000000000000e+01
3.237500000000000000e+01
3.262500000000000000e+01
3.287500000000000000e+01
3.312500000000000000e+01
3.337500000000000000e+01
3.362500000000000000e+01
3.387500000000000000e+01
3.412500000000000000e+01
3.437500000000000000e+01
3.462500000000000000e+01
3.487500000000000000e+01
3.512500000000000000e+01
3.537500000000000000e+01
3.562500000000000000e+01
3.587500000000000000e+01
3.612500000000000000e+01
3.637500000000000000e+01
3.662500000000000000e+01
3.687500000000000000e+01
3.712500000000000000e+01
3.737500000000000000e+01
3.762500000000000000e+01
3.787500000000000000e+01
3.812500000000000000e+01
3.837500000000000000e+01
3.862500000000000000e+01
3.887500000000000000e+01
3.912500000000000000e+01
3.937500000000000000e+01
3.962500000000000000e+01
3.987500000000000000e+01
4.012500000000000000e+01
4.037500000000000000e+01
4.062500000000000000e+01
4.087500000000000000e+01
4.112500000000000000e+01
4.137500000000000000e+01
4.162500000000000000e+01
4.187500000000000000e+01
4.212500000000000000e+01
4.237500000000000000e+01
4.262500000000000000e+01
4.287500000000000000e+01
4.312500000000000000e+01
4.337500000000000000e+01
4.362500000000000000e+01
4.387500000000000000e+01
4.412500000000000000e+01
4.437500000000000000e+01
4.462500000000000000e+01
4.487500000000000000e+01
4.512500000000000000e+01
4.537500000000000000e+01
4.562500000000000000e+01
4.587500000000000000e+01
4.612500000000000000e+01
4.637500000000000000e+01
4.662500000000000000e+01
4.687500000000000000e+01
4.712500000000000000e+01
4.737500000000000000e+01
4.762500000000000000e+01
4.787500000000000000e+01
4.812500000000000000e+01
4.837500000000000000e+01
4.862500000000000000e+01
4.887500000000000000e+01
4.912500000000000000e+01
4.937500000000000000e+01
4.962500000000000000e+01
4.987500000000000000e+01
5.012500000000000000e+01
5.037500000000000000e+01
5.062500000000000000e+01
5.087500000000000000e+01
5.112500000000000000e+01
5.137500000000000000e+01
5.162500000000000000e+01
5.187500000000000000e+01
5.212500000000000000e+01
5.237500000000000000e+01
5.262500000000000000e+01
5.287500000000000000e+01
5.312500000000000000e+01
5.337500000000000000e+01
5.362500000000000000e+01
5.387500000000000000e+01
5.412500000000000000e+01
5.437500000000000000e+01
5.462500000000000000e+01
5.487500000000000000e+01
5.512500000000000000e+01
5.537500000000000000e+01
5.562500000000000000e+01
5.587500000000000000e+01
5.612500000000000000e+01
5.637500000000000000e+01
5.662500000000000000e+01
5.687500000000000000e+01
5.712500000000000000e+01
5.737500000000000000e+01
5.762500000000000000e+01
5.787500000000000000e+01
5.812500000000000000e+01
5.837500000000000000e+01
5.862500000000000000e+01
5.887500000000000000e+01
5.912500000000000000e+01
5.937500000000000000e+01
5.962500000000000000e+01
5.987500000000000000e+01
6.012500000000000000e+01
6.037500000000000000e+01
6.062500000000000000e+01
6.087500000000000000e+01
6.112500000000000000e+01
6.137500000000000000e+01
6.162500000000000000e+01
6.187500000000000000e+01
6.212500000000000000e+01
6.237500000000000000e+01
6.262500000000000000e+01
6.287500000000000000e+01
6.312500000000000000e+01
6.337500000000000000e+01
6.362500000000000000e+01
6.387500000000000000e+01
6.412500000000000000e+01
6.437500000000000000e+01
6.462500000000000000e+01
6.487500000000000000e+01
6.512500000000000000e+01
6.537500000000000000e+01
6.562500000000000000e+01
6.587500000000000000e+01
6.612500000000000000e+01
6.637500000000000000e+01
6.662500000000000000e+01
6.687500000000000000e+01
6.712500000000000000e+01
6.737500000000000000e+01
6.762500000000000000e+01
6.787500000000000000e+01
6.812500000000000000e+01
6.837500000000000000e+01
6.862500000000000000e+01
6.887500000000000000e+01
6.912500000000000000e+01
6.937500000000000000e+01
6.962500000000000000e+01
6.987500000000000000e+01
7.012500000000000000e+01
7.037500000000000000e+01
7.062500000000000000e+01
7.087500000000000000e+01
7.112500000000000000e+01
7.137500000000000000e+01
7.162500000000000000e+01
7.187500000000000000e+01
7.212500000000000000e+01
7.237500000000000000e+01
7.262500000000000000e+01
7.287500000000000000e+01
7.312500000000000000e+01
7.337500000000000000e+01
7.362500000000000000e+01
7.387500000000000000e+01
7.412500000000000000e+01
7.437500000000000000e+01
7.462500000000000000e+01
7.487500000000000000e+01
7.512500000000000000e+01
7.537500000000000000e+01
7.562500000000000000e+01
7.587500000000000000e+01
7.612500000000000000e+01
7.637500000000000000e+01
7.662500000000000000e+01
7.687500000000000000e+01
7.712500000000000000e+01
7.737500000000000000e+01
7.762500000000000000e+01
7.787500000000000000e+01
7.812500000000000000e+01
7.837500000000000000e+01
7.862500000000000000e+01
7.887500000000000000e+01
7.912500000000000000e+01
7.937500000000000000e+01
7.962500000000000000e+01
7.987500000000000000e+01
8.012500000000000000e+01
8.037500000000000000e+01
8.062500000000000000e+01
8.087500000000000000e+01
8.112500000000000000e+01
8.137500000000000000e+01
8.162500000000000000e+01
8.187500000000000000e+01
8.212500000000000000e+01
8.237500000000000000e+01
8.262500000000000000e+01
8.287500000000000000e+01
8.312500000000000000e+01
8.337500000000000000e+01
8.362500000000000000e+01
8.387500000000000000e+01
8.412500000000000000e+01
8.437500000000000000e+01
8.462500000000000000e+01
8.487500000000000000e+01
8.512500000000000000e+01
8.537500000000000000e+01
8.562500000000000000e+01
8.587500000000000000e+01
8.612500000000000000e+01
8.637500000000000000e+01
8.662500000000000000e+01
8.687500000000000000e+01
8.712500000000000000e+01
8.737500000000000000e+01
8.762500000000000000e+01
8.787500000000000000e+01
8.812500000000000000e+01
8.837500000000000000e+01
8.862500000000000000e+01
8.887500000000000000e+01
8.912500000000000000e+01
8.937500000000000000e+01
8.962500000000000000e+01
8.987500000000000000e+01
9.012500000000000000e+01
9.037500000000000000e+01
9.062500000000000000e+01
9.087500000000000000e+01
9.112500000000000000e+01
9.137500000000000000e+01
9.162500000000000000e+01
9.187500000000000000e+01
9.212500000000000000e+01
9.237500000000000000e+01
9.262500000000000000e+01
9.287500000000000000e+01
9.312500000000000000e+01
9.337500000000000000e+01
9.362500000000000000e+01
9.387500000000000000e+01
9.412500000000000000e+01
9.437500000000000000e+01
9.462500000000000000e+01
9.487500000000000000e+01
9.512500000000000000e+01
9.537500000000000000e+01
9.562500000000000000e+01
9.587500000000000000e+01
9.612500000000000000e+01
9.637500000000000000e+01
9.662500000000000000e+01
9.687500000000000000e+01
9.712500000000000000e+01
9.737500000000000000e+01
9.762500000000000000e+01
9.787500000000000000e+01
9.812500000000000000e+01
9.837500000000000000e+01
9.862500000000000000e+01
9.887500000000000000e+01
9.912500000000000000e+01
9.937500000000000000e+01
9.962500000000000000e+01
9.987500000000000000e+01
1.001250000000000000e+02
1.003750000000000000e+02
1.006250000000000000e+02
1.008750000000000000e+02
1.011250000000000000e+02
1.013750000000000000e+02
1.016250000000000000e+02
1.018750000000000000e+02
1.021250000000000000e+02
1.023750000000000000e+02
1.026250000000000000e+02
1.028750000000000000e+02
1.031250000000000000e+02
1.033750000000000000e+02
1.036250000000000000e+02
1.038750000000000000e+02
1.041250000000000000e+02
1.043750000000000000e+02
1.046250000000000000e+02
1.048750000000000000e+02
1.051250000000000000e+02
1.053750000000000000e+02
1.056250000000000000e+02
1.058750000000000000e+02
1.061250000000000000e+02
1.063750000000000000e+02
1.066250000000000000e+02
1.068750000000000000e+02
1.071250000000000000e+02
1.073750000000000000e+02
1.076250000000000000e+02
1.078750000000000000e+02
1.081250000000000000e+02
1.083750000000000000e+02
1.086250000000000000e+02
1.088750000000000000e+02
1.091250000000000000e+02
1.093750000000000000e+02
1.096250000000000000e+02
1.098750000000000000e+02
1.101250000000000000e+02
1.103750000000000000e+02
1.106250000000000000e+02
1.108750000000000000e+02
1.111250000000000000e+02
1.113750000000000000e+02
1.116250000000000000e+02
1.118750000000000000e+02
1.121250000000000000e+02
1.123750000000000000e+02
1.126250000000000000e+02
1.128750000000000000e+02
1.131250000000000000e+02
1.133750000000000000e+02
1.136250000000000000e+02
1.138750000000000000e+02
1.141250000000000000e+02
1.143750000000000000e+02
1.146250000000000000e+02
1.148750000000000000e+02
1.151250000000000000e+02
1.153750000000000000e+02
1.156250000000000000e+02
1.158750000000000000e+02
1.161250000000000000e+02
1.163750000000000000e+02
1.166250000000000000e+02
1.168750000000000000e+02
1.171250000000000000e+02
1.173750000000000000e+02
1.176250000000000000e+02
1.178750000000000000e+02
1.181250000000000000e+02
1.183750000000000000e+02
1.186250000000000000e+02
1.188750000000000000e+02
1.191250000000000000e+02
1.193750000000000000e+02
1.196250000000000000e+02
1.198750000000000000e+02
1.201250000000000000e+02
1.203750000000000000e+02
1.206250000000000000e+02
1.208750000000000000e+02
1.211250000000000000e+02
1.213750000000000000e+02
1.216250000000000000e+02
1.218750000000000000e+02
1.221250000000000000e+02
1.223750000000000000e+02
1.226250000000000000e+02
1.228750000000000000e+02
1.231250000000000000e+02
1.233750000000000000e+02
1.236250000000000000e+02
1.238750000000000000e+02
1.241250000000000000e+02
1.243750000000000000e+02
1.246250000000000000e+02
1.248750000000000000e+02
1.251250000000000000e+02
1.253750000000000000e+02
1.256250000000000000e+02
1.258750000000000000e+02
1.261250000000000000e+02
1.263750000000000000e+02
1.266250000000000000e+02
1.268750000000000000e+02
1.271250000000000000e+02
1.273750000000000000e+02
1.276250000000000000e+02
1.278750000000000000e+02
1.281250000000000000e+02
1.283750000000000000e+02
1.286250000000000000e+02
1.288750000000000000e+02
1.291250000000000000e+02
1.293750000000000000e+02
1.296250000000000000e+02
1.298750000000000000e+02
1.301250000000000000e+02
1.303750000000000000e+02
1.306250000000000000e+02
1.308750000000000000e+02
1.311250000000000000e+02
1.313750000000000000e+02
1.316250000000000000e+02
1.318750000000000000e+02
1.321250000000000000e+02
1.323750000000000000e+02
1.326250000000000000e+02
1.328750000000000000e+02
1.331250000000000000e+02
1.333750000000000000e+02
1.336250000000000000e+02
1.338750000000000000e+02
1.341250000000000000e+02
1.343750000000000000e+02
1.346250000000000000e+02
1.348750000000000000e+02
1.351250000000000000e+02
1.353750000000000000e+02
1.356250000000000000e+02
1.358750000000000000e+02
1.361250000000000000e+02
1.363750000000000000e+02
1.366250000000000000e+02
1.368750000000000000e+02
1.371250000000000000e+02
1.373750000000000000e+02
1.376250000000000000e+02
1.378750000000000000e+02
1.381250000000000000e+02
1.383750000000000000e+02
1.386250000000000000e+02
1.388750000000000000e+02
1.391250000000000000e+02
1.393750000000000000e+02
1.396250000000000000e+02
1.398750000000000000e+02
1.401250000000000000e+02
1.403750000000000000e+02
1.406250000000000000e+02
1.408750000000000000e+02
1.411250000000000000e+02
1.413750000000000000e+02
1.416250000000000000e+02
1.418750000000000000e+02
1.421250000000000000e+02
1.423750000000000000e+02
1.426250000000000000e+02
1.428750000000000000e+02
1.431250000000000000e+02
1.433750000000000000e+02
1.436250000000000000e+02
1.438750000000000000e+02
1.441250000000000000e+02
1.443750000000000000e+02
1.446250000000000000e+02
1.448750000000000000e+02
1.451250000000000000e+02
1.453750000000000000e+02
1.456250000000000000e+02
1.458750000000000000e+02
1.461250000000000000e+02
1.463750000000000000e+02
1.466250000000000000e+02
1.468750000000000000e+02
1.471250000000000000e+02
1.473750000000000000e+02
1.476250000000000000e+02
1.478750000000000000e+02
1.481250000000000000e+02
1.483750000000000000e+02
1.486250000000000000e+02
1.488750000000000000e+02
1.491250000000000000e+02
1.493750000000000000e+02
1.496250000000000000e+02
1.498750000000000000e+02
1.501250000000000000e+02
1.503750000000000000e+02
1.506250000000000000e+02
1.508750000000000000e+02
1.511250000000000000e+02
1.513750000000000000e+02
1.516250000000000000e+02
1.518750000000000000e+02
1.521250000000000000e+02
1.523750000000000000e+02
1.526250000000000000e+02
1.528750000000000000e+02
1.531250000000000000e+02
1.533750000000000000e+02
1.536250000000000000e+02
1.538750000000000000e+02
1.541250000000000000e+02
1.543750000000000000e+02
1.546250000000000000e+02
1.548750000000000000e+02
1.551250000000000000e+02
1.553750000000000000e+02
1.556250000000000000e+02
1.558750000000000000e+02
1.561250000000000000e+02
1.563750000000000000e+02
1.566250000000000000e+02
1.568750000000000000e+02
1.571250000000000000e+02
1.573750000000000000e+02
1.576250000000000000e+02
1.578750000000000000e+02
1.581250000000000000e+02
1.583750000000000000e+02
1.586250000000000000e+02
1.588750000000000000e+02
1.591250000000000000e+02
1.593750000000000000e+02
1.596250000000000000e+02
1.598750000000000000e+02
1.601250000000000000e+02
1.603750000000000000e+02
1.606250000000000000e+02
1.608750000000000000e+02
1.611250000000000000e+02
1.613750000000000000e+02
1.616250000000000000e+02
1.618750000000000000e+02
1.621250000000000000e+02
1.623750000000000000e+02
1.626250000000000000e+02
1.628750000000000000e+02
1.631250000000000000e+02
1.633750000000000000e+02
1.636250000000000000e+02
1.638750000000000000e+02
1.641250000000000000e+02
1.643750000000000000e+02
1.646250000000000000e+02
1.648750000000000000e+02
1.651250000000000000e+02
1.653750000000000000e+02
1.656250000000000000e+02
1.658750000000000000e+02
1.661250000000000000e+02
1.663750000000000000e+02
1.666250000000000000e+02
1.668750000000000000e+02
1.671250000000000000e+02
1.673750000000000000e+02
1.676250000000000000e+02
1.678750000000000000e+02
1.681250000000000000e+02
1.683750000000000000e+02
1.686250000000000000e+02
1.688750000000000000e+02
1.691250000000000000e+02
1.693750000000000000e+02
1.696250000000000000e+02
1.698750000000000000e+02
1.701250000000000000e+02
1.703750000000000000e+02
1.706250000000000000e+02
1.708750000000000000e+02
1.711250000000000000e+02
1.713750000000000000e+02
1.716250000000000000e+02
1.718750000000000000e+02
1.721250000000000000e+02
1.723750000000000000e+02
1.726250000000000000e+02
1.728750000000000000e+02
1.731250000000000000e+02
1.733750000000000000e+02
1.736250000000000000e+02
1.738750000000000000e+02
1.741250000000000000e+02
1.743750000000000000e+02
1.746250000000000000e+02
1.748750000000000000e+02
1.751250000000000000e+02
1.753750000000000000e+02
1.756250000000000000e+02
1.758750000000000000e+02
1.761250000000000000e+02
1.763750000000000000e+02
1.766250000000000000e+02
1.768750000000000000e+02
1.771250000000000000e+02
1.773750000000000000e+02
1.776250000000000000e+02
1.778750000000000000e+02
1.781250000000000000e+02
1.783750000000000000e+02
1.786250000000000000e+02
1.788750000000000000e+02
1.791250000000000000e+02
1.793750000000000000e+02
1.796250000000000000e+02
1.798750000000000000e+02
1.801250000000000000e+02
1.803750000000000000e+02
1.806250000000000000e+02
1.808750000000000000e+02
1.811250000000000000e+02
1.813750000000000000e+02
1.816250000000000000e+02
1.818750000000000000e+02
1.821250000000000000e+02
1.823750000000000000e+02
1.826250000000000000e+02
1.828750000000000000e+02
1.831250000000000000e+02
1.833750000000000000e+02
1.836250000000000000e+02
1.838750000000000000e+02
1.841250000000000000e+02
1.843750000000000000e+02
1.846250000000000000e+02
1.848750000000000000e+02
1.851250000000000000e+02
1.853750000000000000e+02
1.856250000000000000e+02
1.858750000000000000e+02
1.861250000000000000e+02
1.863750000000000000e+02
1.866250000000000000e+02
1.868750000000000000e+02
1.871250000000000000e+02
1.873750000000000000e+02
1.876250000000000000e+02
1.878750000000000000e+02
1.881250000000000000e+02
1.883750000000000000e+02
1.886250000000000000e+02
1.888750000000000000e+02
1.891250000000000000e+02
1.893750000000000000e+02
1.896250000000000000e+02
1.898750000000000000e+02
1.901250000000000000e+02
1.903750000000000000e+02
1.906250000000000000e+02
1.908750000000000000e+02
1.911250000000000000e+02
1.913750000000000000e+02
1.916250000000000000e+02
1.918750000000000000e+02
1.921250000000000000e+02
1.923750000000000000e+02
1.926250000000000000e+02
1.928750000000000000e+02
1.931250000000000000e+02
1.933750000000000000e+02
1.936250000000000000e+02
1.938750000000000000e+02
1.941250000000000000e+02
1.943750000000000000e+02
1.946250000000000000e+02
1.948750000000000000e+02
1.951250000000000000e+02
1.953750000000000000e+02
1.956250000000000000e+02
1.958750000000000000e+02
1.961250000000000000e+02
1.963750000000000000e+02
1.966250000000000000e+02
1.968750000000000000e+02
1.971250000000000000e+02
1.973750000000000000e+02
1.976250000000000000e+02
1.978750000000000000e+02
1.981250000000000000e+02
1.983750000000000000e+02
1.986250000000000000e+02
1.988750000000000000e+02
1.991250000000000000e+02
1.993750000000000000e+02
1.996250000000000000e+02
1.998750000000000000e+02
2.001250000000000000e+02
2.003750000000000000e+02
2.006250000000000000e+02
2.008750000000000000e+02
2.011250000000000000e+02
2.013750000000000000e+02
2.016250000000000000e+02
2.018750000000000000e+02
2.021250000000000000e+02
2.023750000000000000e+02
2.026250000000000000e+02
2.028750000000000000e+02
2.031250000000000000e+02
2.033750000000000000e+02
2.036250000000000000e+02
2.038750000000000000e+02
2.041250000000000000e+02
2.043750000000000000e+02
2.046250000000000000e+02
2.048750000000000000e+02
2.051250000000000000e+02
2.053750000000000000e+02
2.056250000000000000e+02
2.058750000000000000e+02
2.061250000000000000e+02
2.063750000000000000e+02
2.066250000000000000e+02
2.068750000000000000e+02
2.071250000000000000e+02
2.073750000000000000e+02
2.076250000000000000e+02
2.078750000000000000e+02
2.081250000000000000e+02
2.083750000000000000e+02
2.086250000000000000e+02
2.088750000000000000e+02
2.091250000000000000e+02
2.093750000000000000e+02
2.096250000000000000e+02
2.098750000000000000e+02
2.101250000000000000e+02
2.103750000000000000e+02
2.106250000000000000e+02
2.108750000000000000e+02
2.111250000000000000e+02
2.113750000000000000e+02
2.116250000000000000e+02
2.118750000000000000e+02
2.121250000000000000e+02
2.123750000000000000e+02
2.126250000000000000e+02
2.128750000000000000e+02
2.131250000000000000e+02
2.133750000000000000e+02
2.136250000000000000e+02
2.138750000000000000e+02
2.141250000000000000e+02
2.143750000000000000e+02
2.146250000000000000e+02
2.148750000000000000e+02
2.151250000000000000e+02
2.153750000000000000e+02
2.156250000000000000e+02
2.158750000000000000e+02
2.161250000000000000e+02
2.163750000000000000e+02
2.166250000000000000e+02
2.168750000000000000e+02
2.171250000000000000e+02
2.173750000000000000e+02
2.176250000000000000e+02
2.178750000000000000e+02
2.181250000000000000e+02
2.183750000000000000e+02
2.186250000000000000e+02
2.188750000000000000e+02
2.191250000000000000e+02
2.193750000000000000e+02
2.196250000000000000e+02
2.198750000000000000e+02
2.201250000000000000e+02
2.203750000000000000e+02
2.206250000000000000e+02
2.208750000000000000e+02
2.211250000000000000e+02
2.213750000000000000e+02
2.216250000000000000e+02
2.218750000000000000e+02
2.221250000000000000e+02
2.223750000000000000e+02
2.226250000000000000e+02
2.228750000000000000e+02
2.231250000000000000e+02
2.233750000000000000e+02
2.236250000000000000e+02
2.238750000000000000e+02
2.241250000000000000e+02
2.243750000000000000e+02
2.246250000000000000e+02
2.248750000000000000e+02
2.251250000000000000e+02
2.253750000000000000e+02
2.256250000000000000e+02
2.258750000000000000e+02
2.261250000000000000e+02
2.263750000000000000e+02
2.266250000000000000e+02
2.268750000000000000e+02
2.271250000000000000e+02
2.273750000000000000e+02
2.276250000000000000e+02
2.278750000000000000e+02
2.281250000000000000e+02
2.283750000000000000e+02
2.286250000000000000e+02
2.288750000000000000e+02
2.291250000000000000e+02
2.293750000000000000e+02
2.296250000000000000e+02
2.298750000000000000e+02
2.301250000000000000e+02
2.303750000000000000e+02
2.306250000000000000e+02
2.308750000000000000e+02
2.311250000000000000e+02
2.313750000000000000e+02
2.316250000000000000e+02
2.318750000000000000e+02
2.321250000000000000e+02
2.323750000000000000e+02
2.326250000000000000e+02
2.328750000000000000e+02
2.331250000000000000e+02
2.333750000000000000e+02
2.336250000000000000e+02
2.338750000000000000e+02
2.341250000000000000e+02
2.343750000000000000e+02
2.346250000000000000e+02
2.348750000000000000e+02
2.351250000000000000e+02
2.353750000000000000e+02
2.356250000000000000e+02
2.358750000000000000e+02
2.361250000000000000e+02
2.363750000000000000e+02
2.366250000000000000e+02
2.368750000000000000e+02
2.371250000000000000e+02
2.373750000000000000e+02
2.376250000000000000e+02
2.378750000000000000e+02
2.381250000000000000e+02
2.383750000000000000e+02
2.386250000000000000e+02
2.388750000000000000e+02
2.391250000000000000e+02
2.393750000000000000e+02
2.396250000000000000e+02
2.398750000000000000e+02
2.401250000000000000e+02
2.403750000000000000e+02
2.406250000000000000e+02
2.408750000000000000e+02
2.411250000000000000e+02
2.413750000000000000e+02
2.416250000000000000e+02
2.418750000000000000e+02
2.421250000000000000e+02
2.423750000000000000e+02
2.426250000000000000e+02
2.428750000000000000e+02
2.431250000000000000e+02
2.433750000000000000e+02
2.436250000000000000e+02
2.438750000000000000e+02
2.441250000000000000e+02
2.443750000000000000e+02
2.446250000000000000e+02
2.448750000000000000e+02
2.451250000000000000e+02
2.453750000000000000e+02
2.456250000000000000e+02
2.458750000000000000e+02
2.461250000000000000e+02
2.463750000000000000e+02
2.466250000000000000e+02
2.468750000000000000e+02
2.471250000000000000e+02
2.473750000000000000e+02
2.476250000000000000e+02
2.478750000000000000e+02
2.481250000000000000e+02
2.483750000000000000e+02
2.486250000000000000e+02
2.488750000000000000e+02
2.491250000000000000e+02
2.493750000000000000e+02
2.496250000000000000e+02
2.498750000000000000e+02
2.501250000000000000e+02
2.503750000000000000e+02
2.506250000000000000e+02
2.508750000000000000e+02
2.511250000000000000e+02
2.513750000000000000e+02
2.516250000000000000e+02
2.518750000000000000e+02
2.521250000000000000e+02
2.523750000000000000e+02
2.526250000000000000e+02
2.528750000000000000e+02
2.531250000000000000e+02
2.533750000000000000e+02
2.536250000000000000e+02
2.538750000000000000e+02
2.541250000000000000e+02
2.543750000000000000e+02
2.546250000000000000e+02
2.548750000000000000e+02
2.551250000000000000e+02
2.553750000000000000e+02
2.556250000000000000e+02
2.558750000000000000e+02
2.561250000000000000e+02
2.563750000000000000e+02
2.566250000000000000e+02
2.568750000000000000e+02
2.571250000000000000e+02
2.573750000000000000e+02
2.576250000000000000e+02
2.578750000000000000e+02
2.581250000000000000e+02
2.583750000000000000e+02
2.586250000000000000e+02
2.588750000000000000e+02
2.591250000000000000e+02
2.593750000000000000e+02
2.596250000000000000e+02
2.598750000000000000e+02
2.601250000000000000e+02
2.603750000000000000e+02
2.606250000000000000e+02
2.608750000000000000e+02
2.611250000000000000e+02
2.613750000000000000e+02
2.616250000000000000e+02
2.618750000000000000e+02
2.621250000000000000e+02
2.623750000000000000e+02
2.626250000000000000e+02
2.628750000000000000e+02
2.631250000000000000e+02
2.633750000000000000e+02
2.636250000000000000e+02
2.638750000000000000e+02
2.641250000000000000e+02
2.643750000000000000e+02
2.646250000000000000e+02
2.648750000000000000e+02
2.651250000000000000e+02
2.653750000000000000e+02
2.656250000000000000e+02
2.658750000000000000e+02
2.661250000000000000e+02
2.663750000000000000e+02
2.666250000000000000e+02
2.668750000000000000e+02
2.671250000000000000e+02
2.673750000000000000e+02
2.676250000000000000e+02
2.678750000000000000e+02
2.681250000000000000e+02
2.683750000000000000e+02
2.686250000000000000e+02
2.688750000000000000e+02
2.691250000000000000e+02
2.693750000000000000e+02
2.696250000000000000e+02
2.698750000000000000e+02
2.701250000000000000e+02
2.703750000000000000e+02
2.706250000000000000e+02
2.708750000000000000e+02
2.711250000000000000e+02
2.713750000000000000e+02
2.716250000000000000e+02
2.718750000000000000e+02
2.721250000000000000e+02
2.723750000000000000e+02
2.726250000000000000e+02
2.728750000000000000e+02
2.731250000000000000e+02
2.733750000000000000e+02
2.736250000000000000e+02
2.738750000000000000e+02
2.741250000000000000e+02
2.743750000000000000e+02
2.746250000000000000e+02
2.748750000000000000e+02
2.751250000000000000e+02
2.753750000000000000e+02
2.756250000000000000e+02
2.758750000000000000e+02
2.761250000000000000e+02
2.763750000000000000e+02
2.766250000000000000e+02
2.768750000000000000e+02
2.771250000000000000e+02
2.773750000000000000e+02
2.776250000000000000e+02
2.778750000000000000e+02
2.781250000000000000e+02
2.783750000000000000e+02
2.786250000000000000e+02
2.788750000000000000e+02
2.791250000000000000e+02
2.793750000000000000e+02
2.796250000000000000e+02
2.798750000000000000e+02
2.801250000000000000e+02
2.803750000000000000e+02
2.806250000000000000e+02
2.808750000000000000e+02
2.811250000000000000e+02
2.813750000000000000e+02
2.816250000000000000e+02
2.818750000000000000e+02
2.821250000000000000e+02
2.823750000000000000e+02
2.826250000000000000e+02
2.828750000000000000e+02
2.831250000000000000e+02
2.833750000000000000e+02
2.836250000000000000e+02
2.838750000000000000e+02
2.841250000000000000e+02
2.843750000000000000e+02
2.846250000000000000e+02
2.848750000000000000e+02
2.851250000000000000e+02
2.853750000000000000e+02
2.856250000000000000e+02
2.858750000000000000e+02
2.861250000000000000e+02
2.863750000000000000e+02
2.866250000000000000e+02
2.868750000000000000e+02
2.871250000000000000e+02
2.873750000000000000e+02
2.876250000000000000e+02
2.878750000000000000e+02
2.881250000000000000e+02
2.883750000000000000e+02
2.886250000000000000e+02
2.888750000000000000e+02
2.891250000000000000e+02
2.893750000000000000e+02
2.896250000000000000e+02
2.898750000000000000e+02
2.901250000000000000e+02
2.903750000000000000e+02
2.906250000000000000e+02
2.908750000000000000e+02
2.911250000000000000e+02
2.913750000000000000e+02
2.916250000000000000e+02
2.918750000000000000e+02
2.921250000000000000e+02
2.923750000000000000e+02
2.926250000000000000e+02
2.928750000000000000e+02
2.931250000000000000e+02
2.933750000000000000e+02
2.936250000000000000e+02
2.938750000000000000e+02
2.941250000000000000e+02
2.943750000000000000e+02
2.946250000000000000e+02
2.948750000000000000e+02
2.951250000000000000e+02
2.953750000000000000e+02
2.956250000000000000e+02
2.958750000000000000e+02
2.961250000000000000e+02
2.963750000000000000e+02
2.966250000000000000e+02
2.968750000000000000e+02
2.971250000000000000e+02
2.973750000000000000e+02
2.976250000000000000e+02
2.978750000000000000e+02
2.981250000000000000e+02
2.983750000000000000e+02
2.986250000000000000e+02
2.988750000000000000e+02
2.991250000000000000e+02
2.993750000000000000e+02
2.996250000000000000e+02
2.998750000000000000e+02
3.001250000000000000e+02
3.003750000000000000e+02
3.006250000000000000e+02
3.008750000000000000e+02
3.011250000000000000e+02
3.013750000000000000e+02
3.016250000000000000e+02
3.018750000000000000e+02
3.021250000000000000e+02
3.023750000000000000e+02
3.026250000000000000e+02
3.028750000000000000e+02
3.031250000000000000e+02
3.033750000000000000e+02
3.036250000000000000e+02
3.038750000000000000e+02
3.041250000000000000e+02
3.043750000000000000e+02
3.046250000000000000e+02
3.048750000000000000e+02
3.051250000000000000e+02
3.053750000000000000e+02
3.056250000000000000e+02
3.058750000000000000e+02
3.061250000000000000e+02
3.063750000000000000e+02
3.066250000000000000e+02
3.068750000000000000e+02
3.071250000000000000e+02
3.073750000000000000e+02
3.076250000000000000e+02
3.078750000000000000e+02
3.081250000000000000e+02
3.083750000000000000e+02
3.086250000000000000e+02
3.088750000000000000e+02
3.091250000000000000e+02
3.093750000000000000e+02
3.096250000000000000e+02
3.098750000000000000e+02
3.101250000000000000e+02
3.103750000000000000e+02
3.106250000000000000e+02
3.108750000000000000e+02
3.111250000000000000e+02
3.113750000000000000e+02
3.116250000000000000e+02
3.118750000000000000e+02
3.121250000000000000e+02
3.123750000000000000e+02
3.126250000000000000e+02
3.128750000000000000e+02
3.131250000000000000e+02
3.133750000000000000e+02
3.136250000000000000e+02
3.138750000000000000e+02
3.141250000000000000e+02
3.143750000000000000e+02
3.146250000000000000e+02
3.148750000000000000e+02
3.151250000000000000e+02
3.153750000000000000e+02
3.156250000000000000e+02
3.158750000000000000e+02
3.161250000000000000e+02
3.163750000000000000e+02
3.166250000000000000e+02
3.168750000000000000e+02
3.171250000000000000e+02
3.173750000000000000e+02
3.176250000000000000e+02
3.178750000000000000e+02
3.181250000000000000e+02
3.183750000000000000e+02
3.186250000000000000e+02
3.188750000000000000e+02
3.191250000000000000e+02
3.193750000000000000e+02
3.196250000000000000e+02
3.198750000000000000e+02
3.201250000000000000e+02
3.203750000000000000e+02
3.206250000000000000e+02
3.208750000000000000e+02
3.211250000000000000e+02
3.213750000000000000e+02
3.216250000000000000e+02
3.218750000000000000e+02
3.221250000000000000e+02
3.223750000000000000e+02
3.226250000000000000e+02
3.228750000000000000e+02
3.231250000000000000e+02
3.233750000000000000e+02
3.236250000000000000e+02
3.238750000000000000e+02
3.241250000000000000e+02
3.243750000000000000e+02
3.246250000000000000e+02
3.248750000000000000e+02
3.251250000000000000e+02
3.253750000000000000e+02
3.256250000000000000e+02
3.258750000000000000e+02
3.261250000000000000e+02
3.263750000000000000e+02
3.266250000000000000e+02
3.268750000000000000e+02
3.271250000000000000e+02
3.273750000000000000e+02
3.276250000000000000e+02
3.278750000000000000e+02
3.281250000000000000e+02
3.283750000000000000e+02
3.286250000000000000e+02
3.288750000000000000e+02
3.291250000000000000e+02
3.293750000000000000e+02
3.296250000000000000e+02
3.298750000000000000e+02
3.301250000000000000e+02
3.303750000000000000e+02
3.306250000000000000e+02
3.308750000000000000e+02
3.311250000000000000e+02
3.313750000000000000e+02
3.316250000000000000e+02
3.318750000000000000e+02
3.321250000000000000e+02
3.323750000000000000e+02
3.326250000000000000e+02
3.328750000000000000e+02
3.331250000000000000e+02
3.333750000000000000e+02
3.336250000000000000e+02
3.338750000000000000e+02
3.341250000000000000e+02
3.343750000000000000e+02
3.346250000000000000e+02
3.348750000000000000e+02
3.351250000000000000e+02
3.353750000000000000e+02
3.356250000000000000e+02
3.358750000000000000e+02
3.361250000000000000e+02
3.363750000000000000e+02
3.366250000000000000e+02
3.368750000000000000e+02
3.371250000000000000e+02
3.373750000000000000e+02
3.376250000000000000e+02
3.378750000000000000e+02
3.381250000000000000e+02
3.383750000000000000e+02
3.386250000000000000e+02
3.388750000000000000e+02
3.391250000000000000e+02
3.393750000000000000e+02
3.396250000000000000e+02
3.398750000000000000e+02
3.401250000000000000e+02
3.403750000000000000e+02
3.406250000000000000e+02
3.408750000000000000e+02
3.411250000000000000e+02
3.413750000000000000e+02
3.416250000000000000e+02
3.418750000000000000e+02
3.421250000000000000e+02
3.423750000000000000e+02
3.426250000000000000e+02
3.428750000000000000e+02
3.431250000000000000e+02
3.433750000000000000e+02
3.436250000000000000e+02
3.438750000000000000e+02
3.441250000000000000e+02
3.443750000000000000e+02
3.446250000000000000e+02
3.448750000000000000e+02
3.451250000000000000e+02
3.453750000000000000e+02
3.456250000000000000e+02
3.458750000000000000e+02
3.461250000000000000e+02
3.463750000000000000e+02
3.466250000000000000e+02
3.468750000000000000e+02
3.471250000000000000e+02
3.473750000000000000e+02
3.476250000000000000e+02
3.478750000000000000e+02
3.481250000000000000e+02
3.483750000000000000e+02
3.486250000000000000e+02
3.488750000000000000e+02
3.491250000000000000e+02
3.493750000000000000e+02
3.496250000000000000e+02
3.498750000000000000e+02
3.501250000000000000e+02
3.503750000000000000e+02
3.506250000000000000e+02
3.508750000000000000e+02
3.511250000000000000e+02
3.513750000000000000e+02
3.516250000000000000e+02
3.518750000000000000e+02
3.521250000000000000e+02
3.523750000000000000e+02
3.526250000000000000e+02
3.528750000000000000e+02
3.531250000000000000e+02
3.533750000000000000e+02
3.536250000000000000e+02
3.538750000000000000e+02
3.541250000000000000e+02
3.543750000000000000e+02
3.546250000000000000e+02
3.548750000000000000e+02
3.551250000000000000e+02
3.553750000000000000e+02
3.556250000000000000e+02
3.558750000000000000e+02
3.561250000000000000e+02
3.563750000000000000e+02
3.566250000000000000e+02
3.568750000000000000e+02
3.571250000000000000e+02
3.573750000000000000e+02
3.576250000000000000e+02
3.578750000000000000e+02
3.581250000000000000e+02
3.583750000000000000e+02
3.586250000000000000e+02
3.588750000000000000e+02
3.591250000000000000e+02
3.593750000000000000e+02
3.596250000000000000e+02
3.598750000000000000e+02
